n <- 15
n
5 -> n
n
a <- 1
A <- 10
a: A; a; A
