H <- 15
h <- 5
H:h
